19 5.4852813742385695 5.485281374238571 -30
18.433762259179158 7.356155817579371 4.361350626671641 31
17.289058652353013 5.643468897307168 5.325697143361996 -30
16.6816307451217 20.91642374213646 4.217666081499208 31
15.577849136924232 5.788106658567209 5.17711890989194 -29.5
14.920631405010834 18.924255477069995 4.097149683601827 31.5
13.867611924587013 21.34983812935793 5.086393616552915 29.5
13.272304274169215 33.81572174568154 6.947493204754215 25.5
12.96422322782486 3.9235674932747866 10.131111954532118 -33
11.468526096995857 34.297402399072844 7.15736176919601 25
10.992978019783612 30.922203836860604 9.969291528371762 0
9.99297801978361 30.598991115560743 10.564627405838426 21.5
9.613556729086755 28.448022211681405 9.429002552292683 22
9.461094950265716 26.818544767747944 8.05853610330636 23
9.624089214964265 25.62660497136824 6.994778282077249 25
10.326765660605005 24.870541031047278 6.213794534001785 27
11.978036096062352 16.646656889305202 5.727673133407087 28
26.484826740720923 9.024144511275093 5.554092207974895 28.5
23.862423437097515 6.111943572569077 5.735547078374864 -29
24.709659358632745 11.095407946127978 4.871101673531629 30
22.13680456395358 7.360696076599735 5.0368866256134055 29.5
20.439440943062 5.438024767857328 5.639425801863002 -30
20.38776679841057 8.160633943572542 4.621918924847192 30.5
18.73493344224795 5.987294881098466 5.205622126111406 -29
18.570542711523398 8.740789556955711 4.249956492891946 31
17.007387117102535 6.4271876153351695 4.828687186884893 30
16.052041933715532 5.019915186932721 6.033865276394819 -31
15.290836017642366 6.566090095205672 4.735214787435324 30
14.328688263487784 5.128008331946452 20.321239215648557 -30.5
13.56340405548585 6.6894391668255615 23.61195815108078 -28
13.183205119108276 9.502438424825625 3.764732246458161 32
11.825560964557702 6.976537403453856 20.27301588081021 -27.5
11.327840239286656 9.63837699264626 24.34037730217061 -22.5
10.979813472767209 11.113349552319924 29.99653102670623 0
9.979813472767209 10.103797487851194 27.636232651410758 -21.5
9.770400069797784 8.643301960972018 30.977674326387614 -24
9.94349578954182 7.495491928956126 29.542287401229835 -26.5
10.719452801512315 6.666357864339281 28.663441824707323 -28
12.46448656198643 6.162278432457795 15.470472382991801 -29
16.128808581833034 5.998102323543426 7.922537748120082 -29
24.548947856266583 6.205700130411486 5.2686030348704485 29
14.674657728497067 5.314076545554736 9.965866341586059 -30.5
23.02082221369101 5.513660153241094 6.50837264094071 -30
24.32134886702165 6.180845234984215 4.742359623936082 30
21.78042383584185 5.107818625371049 7.263723866931045 -31
22.612058415886988 5.766114893001236 5.2669207352084175 -29.5
21.589224853728865 7.06772060640154 4.055871441242389 31.5
20.914301195334343 5.614315864277868 5.483581835811258 -30
19.86980998931422 6.87623512095456 4.206252722382802 31
19.199468181639944 5.480132955995376 5.672630869528449 -30
18.15014939949588 6.69888324063669 4.356392371534358 31
17.48327154430293 5.336285153446028 5.87895562336057 -30.5
16.437823762860525 6.537612044746197 4.501243685570497 30.5
15.751865012693269 5.217764545277831 6.0364178389825 -30.5
14.722637318988994 6.399515599812101 4.631340009412995 30.5
14.020458481083608 5.099243937109636 6.193880054604433 -31
13.013134321421465 6.287369339473591 4.742100808479296 30
12.278378192073495 5.015203595572865 6.2838247124191575 -31
19 5.4852813742385695 5.485281374238571 34.5
18.563693381102574 4.2473150291196005 7.697354310550592 -34.5
17.36656940018628 5.2652343574521705 5.705328391024972 34.5
16.900347777164946 4.059371933123902 7.974766549429356 -35
15.738079009751434 5.066175736598439 5.90240157757786 34.5
15.233498845409787 3.8863644736510707 8.206691754038358 -35
14.109308688040336 21.078979210029587 6.092994587974355 34
13.55538971799038 3.7289544169797644 8.389280498589821 -35.5
12.480647896666744 18.62965598239586 6.228899820287387 34
11.878608703725128 32.87745496824936 8.510442448353444 31.5
11.704364922779492 29.261330026510933 12.229374572345952 28
11.85393951714518 27.108519818050123 10.49950838435296 29.5
12.621371523672801 25.713631678514325 9.299436313634242 31
14.401058855858913 4.555241222625168 8.570923566449498 -34.5
10.874770566856357 24.61468829431019 8.097604382705535 32
12.350927111869154 23.893553966456157 7.342343141490073 33
27.890918824546265 6.808669287884976 7.0299372925902635 33
24.41717145178952 3.678148157856681 7.176770407313041 -35.5
26.38539225641889 10.776693925872022 6.245062053762336 34
22.92732561695889 5.6766658618984 6.33660587665198 34
20.74453237485598 3.673252971538335 6.973405432023119 -35.5
21.309398594482317 7.025147212381359 5.804535972078311 34.5
19.174332681882454 4.565393382093764 6.379107859296555 -34.5
19.61242413059269 8.247803017115503 5.290943422810956 35
17.5668068434941 5.385502449694531 5.82675966922937 34.5
16.367491192558926 3.8617583696204854 7.091617108025556 -35
15.916827798464272 5.712640465861899 5.614904131189093 34.5
14.740552144075842 4.115828156906447 22.28698814679344 -35
14.265763528035965 6.049402629459699 5.399033025546297 35
13.11858593744386 4.357185930510564 19.975073618513186 -34.5
12.598054348696351 6.321800442076462 24.58731323328192 -32
12.544681210532792 10.381159769893724 33.27796417565032 -26.5
12.74779456833805 11.106753755973157 32.538895011863985 -26
13.413171554841657 9.936070587893292 2.9257670255948547 37.5
10.696988411729793 9.87823496470693 32.161703580499555 -27.5
11.069307226120369 8.594087442108677 30.442799917577233 -29
12.146698578577928 7.7275879661074 29.485282044659698 -30
14.417945062898891 7.254907829829637 8.423597795662845 32
10.450339639425094 6.622435542520558 28.185577579711772 -31.5
12.465073501167522 6.1333777500187185 15.377484408143296 -32.5
16.91903714543195 6.048660419601294 7.334918749292267 33
10.95767866569016 5.268343515578614 20.968140174608997 -33.5
15.034783369721353 5.157077068528899 9.760413306813 -33.5
25.63540386688912 5.487495895305154 6.244897421482072 34
13.623430720912872 4.5513849073427455 11.52193743973972 -34.5
24.01951945086408 4.847988999943107 7.31039902505877 -34
22.415903028027124 5.720443772498271 5.255482821400502 35
22.37857634899004 4.524923434294687 7.9113410896031 -34.5
20.801829380470892 5.3535004867996285 5.676905789557479 34.5
20.70426486154487 4.218542196194119 8.436090355387377 -35
19.180102361147522 5.020830992993016 6.051796000271434 34
19.001763022607832 3.9354286315951814 8.855991354328687 -35
17.549898315075367 4.710882206765412 6.390266302443784 -34
16.847687004685675 6.356086082980614 4.936516913683119 35.5
15.920706865826993 4.733624001545433 6.385894133769451 -34
15.183006684249754 6.346962798279327 4.920372478767209 35.5
14.290573931009675 4.740724674658904 6.400250000236555 -34
13.521926307173615 6.319328505351635 4.91972531233479 35.5
12.65932402244128 4.732479589330601 6.433814304129328 -34
19 5.4852813742385695 5.485281374238571 33.5
18.533690501635167 4.271586846706506 7.620525490673051 -35
17.361493934394492 5.3335717928470245 5.63523325575864 33.5
16.83945952669973 4.132415187386983 7.761319932902797 -35
15.722846629369602 5.197320249568085 5.766709762733395 -33.5
15.249798173734636 18.46433146572082 4.532514210244925 35
14.084623030709338 20.985166671883952 5.584556326186121 33.5
13.510257747663541 4.17638352463444 7.6981028633288595 -35
12.445710633289554 18.52733748082817 5.716395569792795 33.5
11.824820725550182 33.43613458381637 7.8163216489343394 31
11.616298469473143 29.7702101749031 11.913815189952198 26
11.63820368507596 27.642950555417183 10.505855017339432 27.5
12.176577740066824 26.185432104459323 9.258414584780924 29
13.52426707109528 23.852708501332422 8.439290987813944 30
30.54631284324102 3.2068824744789737 8.032652204870459 -36
11.555974221197072 24.076112716315283 7.3829984731778 31.5
13.843214799596034 10.446481612301536 6.911120020400768 32
25.522377991009254 5.061697927865886 6.859418009651641 -34
12.174122354622403 16.727699210934034 6.038258275272641 33
24.006591335156028 7.724307143244236 5.94328413502619 33
21.44930223163058 4.884199133400623 6.309825434425774 -34
22.340790257015477 9.641205437133422 5.315624192261916 34
19.84751500614606 6.044338788719806 5.643301646264366 33.5
18.31768196766124 4.275403433622493 6.566948531443893 -35
18.210396748957674 6.735310253954829 5.283242814263039 34
16.70515715199012 4.761530080994279 6.151999271582861 -34
16.523872356751934 7.328085688057154 4.948446964173797 34.5
15.07567449700585 5.187436916565977 5.790267569133045 -33.5
14.812963969830715 7.820949726399602 4.638303194077488 34.5
13.437709241416165 5.57771821746479 22.173891045222085 -33
13.090073204228702 8.24234356461387 27.95574249904897 -29.5
13.14050437622624 12.728986489143228 3.552023143484056 36
11.341577483661519 8.703566796170355 23.36160828272333 -29
11.181915872515784 11.225752930091476 30.985340819639994 -26
11.292505787313882 9.684482966117507 31.3234553868205 -28
11.986042236874507 8.581224554208713 29.948973919868166 -29.5
13.602741014095052 7.89024727298335 12.767274042072799 -30
16.83603525394491 7.598269212289946 4.180625390791849 35
11.668722760270857 6.881172236416118 27.9312897514059 -31.5
14.417391133691552 6.531094596881703 9.258449587345803 -32
20.522226849912542 6.601504361419172 5.1059755406961145 34
12.738703773088213 5.728308192734966 13.446562979106155 -33
18.22599706014333 5.751344197169853 7.193266856153075 -33
24.900605900604454 6.2603872792212005 4.768861149275508 34.5
16.589531738004833 5.1963266516355 8.67149940573107 -33.5
23.318351771412242 5.644313099004902 5.737836329072243 33.5
15.30113166516955 4.657255682702554 9.991819015266007 -34.5
21.681284086832235 5.080672086373529 6.579058557436522 -33.5
20.340311657321397 6.125175858047367 4.820043958876278 34.5
20.029484457915785 4.827933517389705 7.004064475215111 -34
18.70690246271141 5.836473343990766 5.121445319681753 34
18.35255969246931 4.59477552317291 7.365699211585422 -34.5
17.070879875715633 5.587524521943905 5.382779735377577 34
16.67015472483543 4.376929972613455 7.681154329462245 -34.5
15.434687776281969 5.343006994746842 5.6370511968589305 33.5
14.974918231181515 4.174623961486942 7.945845688067438 -35
13.79664230803601 5.14555286912919 5.835413258468435 -33.5
13.20054561342161 7.1165645617675075 4.553574768356129 35
19 5.4852813742385695 5.485281374238571 -30
18.433762259179158 7.356155817579371 4.361350626671641 28
17.26445388906294 5.784441994645624 5.193120780289352 -29.5
16.694553922218496 20.66353202189581 4.130720597207437 28.5
15.529919644515669 6.063995616624242 4.926197995112941 -29
14.935889299863923 18.50174887072436 3.9148319394496376 29.5
13.797947265173718 20.453426698986107 4.712229369833291 27
13.060562520045412 35.192931248189204 6.15116078879095 23
12.556054753968205 31.900734722521044 8.434099984385629 0
11.556054753968205 31.594523570623956 8.974200614480154 0
10.556054753968205 31.28831241872686 9.51430124457468 0
9.556054753968205 30.982101266829766 10.054401874669205 0
8.556054753968205 30.675890114932677 9.804136522989458 21.5
8.082836800546104 28.44834542640366 8.088281608243262 23
7.838390131011543 26.714855824724356 6.724646822204312 23.5
7.848396593864303 25.47569940238976 5.66891385076126 24.5
8.242645008911545 24.683895738447944 4.875745705000866 26.5
9.357693140329667 24.387732107949454 4.340632578818193 28
11.871350423325817 13.970006289931018 4.080606474192159 29
23.805135553082973 9.3145045067148 4.134586063926664 28.5
21.983082277661428 6.961356723580236 4.55381493863877 27.5
20.834569536541444 5.513731299770427 5.456843530572426 -30
20.267177584612533 7.351717244200968 4.329324540822224 28
19.096529377041083 5.793457293589475 5.179292644000816 -29.5
18.530211565550328 7.713496754839323 4.112107525505614 29
17.364150425323764 6.028955377561738 4.9483653873599165 -29
16.76845503587359 7.975678789158005 3.9260751572104766 29.5
15.63123070624982 6.219825461168618 4.755815140360497 -28.5
14.991173445083529 8.151876003458533 3.768511993309886 29.5
13.893536620593473 6.376107482952943 20.849221433453792 -28.5
13.216630475903642 8.310594753011491 3.621024221576848 30
12.160133516902382 6.493550933312662 18.238501093796415 -28
11.433621899706777 8.367394579341928 20.979051690441363 -24.5
10.944240475813677 11.420749786085311 24.94927421059954 0
9.944240475813675 11.142056750832584 22.94491447088638 0
8.944240475813675 10.049520129834463 20.940554731173226 -21.5
8.514234503441521 8.361533764775023 25.73003597581385 -24.5
8.396128384645808 7.012433555947167 29.833680004710615 -27
8.721534057264419 6.002906932612698 28.561667083931535 -29
9.747511963495063 5.324586599807924 27.972144915689814 -30.5
12.076144024609189 4.9801810526276205 14.473791833398916 -31
17.366609633229775 4.989966597841147 8.557882809951384 -31
26.240825466944422 5.422478392046509 5.9826322572554425 -30
24.852266425104357 6.40565274258309 4.520815909876311 -28.5
24.204786478760543 8.206252556742973 3.540865598070763 30.5
23.127650891355792 6.439746378183731 4.469742256026773 -28.5
22.42346984763234 8.191576162089207 3.488852336380865 30.5
21.403640312018794 6.450128218594655 4.444755783785511 -28.5
20.64858556063661 8.149902147005047 3.459430671400602 30.5
19.679871826022683 6.4374625054539045 4.446739935158079 -28.5
18.87973676848265 8.08225637376557 3.4531496530595467 30.5
17.955982172956055 6.402377185919963 4.476633514119944 -28.5
17.116531201858606 7.989599667024125 3.470589025977639 30.5
16.23160738522515 6.345465983930275 4.535434614248311 -28.5
15.35858081895389 7.872832485026544 3.512360940956026 30.5
14.506382478427234 6.267290322944698 4.624204895824418 -28.5
13.605501460212263 7.732799185681305 3.5791117924934834 30.5
12.779941139375518 6.168381112173865 4.744074248892741 -29
19 5.4852813742385695 5.485281374238571 30.5
18.447531345874303 4.3480608136268994 7.393460305678417 -30
17.284894862174333 5.257059442470332 5.714725022354138 30
16.70281728656091 4.165925425309751 7.651081598798779 -30.5
15.569597369741569 5.068808011928082 5.90175473654906 29.5
14.942599738211282 4.012829823478808 7.825491449318193 -31
13.854193011098147 20.654544236339362 6.031929330363244 29.5
13.183017434369212 33.54807134894265 7.939295624447169 26
12.820564345270629 3.1274284179478418 11.18492113394832 -33
11.401293325280834 34.05405240074679 8.06597187520893 25.5
10.885382073739315 30.499640848132785 10.944353157581517 20.5
10.468017878622469 28.336062130495463 10.584165895642286 21
10.26671140967378 26.659037158791957 9.112297966746544 23.5
10.450493104159598 25.35368918663974 7.948482002960169 26
11.23878100800545 24.50199111421384 7.102193639796267 27.5
12.986327784095005 13.781537195240901 6.582095230126987 28.5
26.41898150611925 6.9633259905032805 6.402853520454629 28.5
23.698856795565455 4.607161871342923 6.593528863354553 -29.5
24.683466850291104 9.355111232772645 5.683811324894595 30
21.99974298834973 6.0372976762613355 5.854371187180801 29.5
20.214381295592663 4.363174993611238 6.479215321055069 -30
20.248518535787657 6.952666236352787 5.400231448288475 30.5
18.51202112568686 4.996966721494654 6.005907311454484 29.5
17.42986736772413 3.8017531362202464 7.241449003801852 -31.5
16.810587821305138 5.291906365995491 5.804376175431042 29.5
15.714262270425209 4.033294639942231 23.20533871282867 -31
15.094855674332074 5.5956005750923445 5.600900154049954 30
14.00180876803941 4.253929005491744 20.92791824575145 -30.5
13.362590758405524 5.860225392139673 24.767868610739306 -26.5
13.04378337942023 8.67393132809069 30.62443445383579 0
12.04378337942023 9.35550986528974 28.528642354263653 0
11.04378337942023 10.03708840248879 26.432850254691505 0
10.04378337942023 10.718666939687841 24.33705815511937 0
9.043783379420232 9.852638504424172 22.241266055547225 0
8.043783379420235 8.785478950028164 20.14547395597508 0
7.043783379420237 7.718319395632156 18.049681856402945 -22.5
6.596401812727828 6.209445570735589 22.78317773635222 -26
6.453335649188839 5.014608124413954 29.807643794496755 -28.5
6.73260700327724 4.13456498218252 28.709970403384492 -30.5
7.708773153803605 3.556743975139006 28.380568451883782 -32
10.096639852416624 3.2852244788406253 16.666725077241864 -32.5
16.291741943106935 3.3484433622379814 10.577598196011177 -32.5
26.060636510334046 3.8359788401393855 7.688762504193003 -31.5
25.07539334658856 4.929362083403105 6.00701900772526 29.5
24.30304097531167 3.834684395357928 7.624786506812542 -31.5
23.373122101049468 4.967148773598241 5.9746012350503594 29.5
22.551637090977984 3.856738950468026 7.536105922287144 -31.5
21.67084451476468 5.033635399289942 5.920753164767799 29.5
20.806044203957086 3.9027381683584714 7.42360631160577 -31
19.958449539447763 5.104724548502572 5.86517186293001 29.5
19.06534722844725 3.954796142775268 7.32229974635179 -31
18.245108103022073 5.198308860690439 5.793755633040199 29.5
17.3280622921735 4.025408005603876 7.203349923040502 -31
16.530617596799875 5.315029748372277 5.7067949525954536 30
15.601261811864116 4.098289861628709 7.097131338417714 -31
14.814191166927564 5.424336899014474 5.62561090336124 30
13.876239432811044 4.1836955850331625 6.9792580005900255 -30.5
13.087406500829193 5.521685536191386 5.5517520613504345 30
19 5.4852813742385695 5.485281374238571 31.5
18.47558683586642 4.321951669779004 7.4685466460003855 -32
17.31233718819422 5.2972734151093 5.672400383197713 31
16.7397333606295 4.169687778028202 7.645953231780387 -32
15.619818961078458 5.138190377718322 5.827650593832807 31
15.006658665700662 4.02699737901769 7.806451815459569 -32.5
13.932133481638857 20.589721258649046 5.94682542504262 30.5
13.263422437440347 33.635459029632145 7.869649607263684 27.5
12.949836834209808 3.1371778540343387 11.284341472156887 -34
11.510381436093464 34.06519752254622 8.037611789885956 27.5
11.056002619486458 30.31693429075665 11.17241084411306 22.5
10.741761492151504 28.070615822848875 10.609349911504086 23.5
10.727377606371643 26.378351094160735 9.161499097777625 25.5
11.185492846241202 25.170750437204582 8.074584713562452 27.5
12.40629435655848 24.496012391456734 7.339678517034288 28.5
28.941991693843253 7.8259314164352 6.957199939694636 29
25.461844811802585 4.51654692215907 6.945151625502971 -31.5
27.39002936213576 12.672358110691574 6.097330198431884 30.5
23.88632247593411 6.894208635848978 6.047401188150541 30.5
21.536636036502813 4.627344368011451 6.423072022911329 -31.5
22.177210063007756 8.599629265301846 5.432647754575298 31.5
19.881924233454296 5.717973480719843 5.7725565574389535 31
18.413430915681317 4.170588377594112 6.660646712100727 -32
18.179735193450536 6.331100416638353 5.428708499031286 31.5
16.74126679240272 4.617189673039797 6.27565423905137 -31.5
16.44915250247399 6.880752590516986 5.104606193455407 32
15.061549376696902 5.021285457859305 5.928936557301087 31
14.23778765687386 3.8536389747845172 19.20632013897065 -33
13.380507053821315 5.089357955998844 22.325353736249454 -30.5
12.97978018894081 7.451513088364543 27.570091274876727 -26
12.855295336554663 11.728383131280731 34.19065013610857 0
11.85529533655466 11.744654689927756 33.52554225271539 0
10.85529533655466 10.752102582690588 31.066786541353906 0
9.855295336554658 9.759550475453423 28.608030829992423 -21.5
9.677814985412963 8.360881923598075 31.106792673494063 -24
9.894016460744549 7.264995237953922 29.749006418295984 -26.5
10.738370762273028 6.480506252938255 28.95308056027762 -28
12.611392183999136 6.016276816292962 14.374464777247375 -28.5
16.465502102549518 5.8805766992824715 7.857668961846468 -29
25.71113327712609 6.124681576158377 5.30761521723641 32
14.483704266999851 5.187668703455413 10.260064610970455 -30.5
22.81609422461169 5.384043429387058 6.723878547497531 -30
24.580981001359447 6.044371738602299 4.915057459511106 32.5
20.592843065940933 4.932352405479018 7.711173304190435 -31
22.937903729411147 5.539960578381441 5.57976230662938 31.5
19.185497886662425 4.509616035356782 8.553868503218991 -31.5
21.26503893467924 5.077877317826928 6.180588314993205 -30.5
20.22530768374718 6.278128717128629 4.7669379802451015 32.5
19.58439535389702 4.918992518893751 6.431952166246191 -31
18.526519299016307 6.077984950518907 4.938854219406389 32.5
17.89874404740784 4.760034510886225 6.681974023989092 -31
16.8304836756282 5.8630506550018815 5.131260143750238 32
16.199105393877296 4.601536784487043 6.92514666367833 -31.5
15.13832980026741 5.683162374160082 5.300396828267049 32
14.495494689299946 4.451020424478672 7.1464005994626625 -31.5
13.446759902391722 5.498141230556861 5.476289519363302 31.5
12.780048336876712 4.309322495487952 7.340563824831005 -32
19 5.4852813742385695 5.485281374238571 -34.5
18.563693381102574 7.697354310550587 4.247315029119601 33
17.35284136668763 5.774234474927846 5.201023211167268 -34.5
16.914638459106133 20.471049841844753 4.0138123956446785 33.5
15.711892841891434 6.061080155130336 4.924734166717299 -34
15.244405239703301 18.456749301973392 3.7939462463907407 34
14.070246761245347 20.847809055496487 4.680622402819931 32.5
13.456712713623102 34.42734713505554 6.475118370364948 29.5
13.2588884196585 4.081029924832607 9.876172392581209 -36
11.737845346824177 34.812597082564515 6.744166675474245 29
11.368570883363558 30.941190565471352 9.837415225819283 24
11.175762509330086 28.654072299279445 10.701193706959822 22.5
11.20740672539248 27.078556048484796 9.331875668983333 24.5
11.719147545442326 25.948960001633093 8.295231182730173 26.5
13.009321333600635 19.270697563094163 7.59199175700827 27.5
29.713905904189517 6.286465934936876 7.22829927039542 -34
10.933502513087673 23.915078733658962 6.544147122124677 29.5
13.093755609851414 12.680656697033658 6.118486575472112 30
25.001528078989384 6.946796079782514 6.054340347450884 -33
11.288540283086522 18.55240349777236 5.253914701753676 31.5
23.483710067040114 9.521492198725843 5.145586462020226 31.5
21.07938303224607 6.3186769887295355 5.442976801390417 -34
21.892221836372677 11.627533765225236 4.510337245695318 32.5
19.506612795299052 7.575943601757125 4.749423483398083 -32.5
20.14764734637291 13.344951741996457 3.8956941561194904 34
17.846487341803268 8.572349192896672 4.1189408898365105 33.5
16.415845515041813 6.248122417483735 4.859374475067082 -34
16.170401039971804 9.150434442093763 3.7994301518206326 34
14.783008266827569 6.655994726210702 4.504367397559691 -33.5
14.470062446336627 9.62879493690874 3.4982773784820775 34.5
13.144273368453046 7.003190413875288 21.402114869444073 -33
12.751415220082905 9.981511133153859 3.222578135618651 35
11.501170449750559 7.273689663807787 18.690153730937045 -33
11.034617954806512 10.243762680364338 23.16938485442621 -29.5
10.904141177748583 10.798497214067009 31.19970277211683 -29
11.190784291777938 9.29069868252952 30.362172961474336 -30.5
12.172267318537582 8.277980544588823 29.130773280173898 -31.5
14.304182305772155 7.7123405214950616 8.085551034214172 -32.5
18.837484910822525 7.5979310403656655 3.3077658989424066 34.5
12.642025216299404 6.79410004249155 16.949598410008445 -33.5
16.708178489785816 6.639587649195766 6.464317861363638 -33.5
26.72523305459474 6.967177295765495 3.828673764622156 34
15.262928657200181 5.967470762739724 8.716084238391742 -34
24.5844654628206 6.24935583757701 5.193873460202013 -34
23.58816237188763 7.143255989272914 3.524090878575909 34.5
23.23347343741516 5.854242046830974 5.96546912447209 -34
21.97486742918188 6.688090603094333 4.094957076274251 33.5
22.109179278281925 5.476195071470837 6.664189294547278 -34.5
20.33553373166932 6.289108827344283 4.598140016587318 -34
19.43203135669849 8.002243071738443 3.3708586735563415 34.5
18.685635714948766 6.233372297225818 4.668867730524337 -34
17.778022052544348 7.922788734276605 3.4258614043562465 34.5
17.03502163751362 6.172771697462755 4.746572560177278 -34
16.124817021428726 7.83770009543994 3.486465700573908 34.5
15.38367110119578 6.107334542192545 4.83132036834651 -34
14.472396027126802 7.747023790706692 3.5527079733114153 34.5
13.731563668068706 6.037087987504668 4.923178047681966 -34
12.820738867570872 7.650805762271435 3.6246251120491344 34
19 5.4852813742385695 5.485281374238571 -34
18.54861510834519 7.658873460936967 4.2593758901564005 34
17.356454246234478 5.7038207045621885 5.266742043914952 -33.5
16.86160249864396 20.66000862785046 4.084306348891325 34
15.707739039327606 5.897652301448707 5.070927097581363 -33.5
15.175882079595322 18.69844399048195 3.9136145069304966 34.5
14.063833329190551 21.311088495905473 4.900780761862288 33
13.521823515339946 33.77857865460562 6.897624136672837 30
13.41116709686052 3.90814517749976 10.768833020276698 -35.5
11.806850283189819 33.935200700157246 7.285555509360494 29.5
11.524547420059509 30.289086188395302 10.890097681099217 27.5
11.57314746110624 27.989386273252837 10.53084591362253 27.5
12.080107939299769 26.48897291438829 9.262516307330397 27
13.186039873359721 25.633316532651147 8.410421620317278 27.5
15.361158720911948 4.742208955062204 7.920363501035103 -34.5
11.1182954757985 24.351421223200525 7.306388437277928 29
12.853293681090017 15.036109282918506 6.745012701 30
26.495390569699286 6.7771549647179565 6.554402372419366 -32.5
11.10799578473879 22.482660307044387 5.800054307502517 31.5
24.968976452791235 10.144263062185127 5.575305827407037 32
22.131088584713567 6.252604459104537 5.759641495470108 -33
23.28661417862135 12.699775699978074 4.872708421162856 33
20.51737198472876 7.711815885997369 5.01849597092216 32.5
18.754244474951626 5.447442063376814 5.651959456249811 -34
18.86345544283582 8.70811510348862 4.5712019280422735 33.5
17.13391694672057 6.098973702406896 5.163800582323683 -33
17.136982341311718 9.49732210490004 4.155645537572476 34
15.488430593453625 6.659896082994532 4.720865611019893 33
14.51571872684439 5.061628419250596 20.598109020737827 -34.5
13.83640448843553 6.871192782692923 4.589874562149131 33.5
12.861200235928466 5.2002649937965035 18.469684743311607 -34
12.17141332664987 7.036275450162538 22.056788069718923 -32
11.937461484424075 10.68036864079984 28.611508699141766 -28
12.019268146422814 10.998157318483473 32.24435137635403 -27.5
12.556424281762512 9.701013677848957 30.57310717226565 -29
13.904054672460774 8.846610723714049 14.29145792277723 -30
16.645927056424757 8.416294582589371 1.336443036688693 38
11.81451631688612 7.79339747123932 28.412446974554356 -31
13.94699968406115 7.267835657521919 9.954312757398073 -32
18.505081861643934 7.171157422475856 4.458193322348278 33.5
12.322589122890331 6.366053049165366 17.24103477070225 -33
16.444087337920067 6.2340973904074595 7.342666560814907 -33
26.15153502714307 6.56498847889296 4.522004944150912 33.5
14.99679823500653 5.581626954546753 9.401918696249448 -33.5
24.543037064383988 5.866555450511083 5.8009428563501775 -33.5
22.75762237375951 6.744273634573714 4.039597660046142 34
22.8682570466613 5.492738151989283 6.507481916632077 -34
21.129662268714387 6.332807273226583 4.543373502967291 33.5
21.156360683918454 5.140470981158751 7.130514794643515 -34.5
19.490145866599867 5.961064034364895 4.994682520398297 -33.5
18.64383631861427 7.657349581954765 3.733150238890804 34.5
17.84172399417008 5.917269948297497 5.052133600502321 -33.5
16.978152129213903 7.579586293207301 3.774150065829452 34.5
16.1922211397733 5.863617241341039 5.123364001037697 -33.5
15.314403703596511 7.490484688603075 3.8263005763171885 34.5
14.541556090493824 5.8002206372966025 5.208629182573411 -33.5
13.652508554399965 7.390235730758345 3.8897444377131274 34.5
12.88964736564869 5.72719187661631 5.308192574597523 -33.5
19 5.4852813742385695 5.485281374238571 33
18.518922497533133 4.283948897943897 7.582314712676082 -34.5
17.351452980820724 5.335461903684353 5.633363850249957 -33
16.869602153776714 20.56857110238331 4.420555906613142 34.5
15.702946132093757 5.502494985115847 5.46806776336129 33
15.166153623466336 4.298725433505797 7.560846968754484 -34.5
14.05430924103197 20.941660313989395 5.616275940074178 33
13.467210698176117 4.161197809128273 7.6993305891239 -34.5
12.405362528996172 18.469413171646117 5.745833180358526 33
11.772570493738076 33.47578619244749 7.814464775383467 30
11.519522150957558 29.867154185727735 11.725375399393032 25
11.467536309762322 27.74931782837041 10.493715853531441 27
11.91344122741304 26.245196874199028 9.21369716839156 28.5
13.100881270158219 25.3693853998818 8.35282577935806 29.5
15.542965137023902 4.5534417904413 7.891920583230007 -34
11.229731480850367 24.08154348273325 7.260962484012769 31
13.305353508286025 12.503197872079483 6.754567864171387 31.5
25.752590317639175 5.892487851211749 6.6507563008141375 -32.5
11.722095972971722 18.98095639159592 5.860771371072875 32.5
24.15382819308408 8.609072120290085 5.726883263251681 33
21.529798136484004 5.410063232267749 6.044232131623328 -33
22.41544585139099 10.46717903144233 5.094966596553011 33.5
19.897899981507827 6.588079189224564 5.372635508399826 33.5
18.331219419442675 4.670405905911166 6.228634873775162 -34
18.2211592485746 7.238027688959544 5.020769850844211 34
16.70123224411947 5.133515829766553 5.840236608377179 -33.5
16.515499344955423 7.800625245522728 4.68984485213104 34
15.061997285870898 5.5691068460545825 5.47136097515577 33
14.242963539180689 4.240458023499749 19.212539762659024 -34.5
13.410917264345667 5.6310126086829 22.57986413392292 -33
13.11112259623718 8.444712708877555 28.73981780014657 -29
13.187344521524015 12.599553042687209 3.5651807706306533 35.5
11.346319035303564 8.949771636256582 23.95764596582526 -28.5
11.207380675868537 11.095452345823237 31.97004946625465 -25.5
11.327845548436528 9.601505549160473 31.236669080150072 -27.5
12.025918446784452 8.526168938413882 29.919276631559995 -29
13.638322453299399 7.8491469321590674 12.249147189535098 -30
16.93451540354977 7.5694198615273045 4.196604657918849 35
11.700455617145714 6.845791528979589 27.920012978236237 -31
14.427675327750073 6.4988532666083625 9.270478260448128 -31.5
20.444926574580155 6.56195693248136 5.195510821248318 33.5
12.735995833919942 5.693362144618391 13.415330380806918 -32.5
18.140615076456946 5.709419997903137 7.287709082427318 -32.5
24.866261738666672 6.19828519148432 4.870257759375432 34
16.491376044428787 5.149731087257871 8.778512052277591 -33.5
23.264923919442037 5.593944753063985 5.814215552971131 -33
21.865983821181054 6.678034747779387 4.226939797084158 35
21.642002129194932 5.302280776912612 6.327745362367796 -33
20.236344699937103 6.304929087164037 4.611815454542611 34.5
19.998088164544146 5.007942783193958 6.850588731803466 -33.5
18.60404332026454 5.961583760490674 4.982169934538358 34
18.326000777024873 4.729274394059994 7.321184872619224 -34
16.96738783026793 5.653158820256605 5.3193827878139395 33.5
16.62960376181834 4.472897225746672 7.712005512551881 -34.5
15.326413463789141 5.38640387563572 5.606227842346243 -33
14.653965169504517 7.225873270032313 4.335383489825005 34.5
13.676715542935298 5.443577785558212 5.550820392076552 33
13.246858293905579 4.304728416682555 7.982755231169209 -34.5
19 5.4852813742385695 5.485281374238571 34.5
18.563693381102574 4.2473150291196005 7.697354310550592 -35.5
17.37664019225698 5.308343169906566 5.6607088020796645 34.5
16.892034689402553 4.089892088199708 7.886375628825805 -35.5
15.752957027648414 5.14111868422196 5.823616718041167 -34.5
15.291332430917524 18.51444194881917 4.550133288549109 35.5
14.130243915934102 21.108770997036533 5.627434161685114 34.5
13.58926618954844 4.118544330918243 7.844522712441988 -35.5
12.50644595929072 18.718526759944847 5.790500914730824 34.5
11.923353761927185 33.152535097743794 8.017571666072524 32
11.783584215195699 29.506823988343115 12.21740324505963 28
11.960303045530658 27.375051522240675 10.511448120883745 29.5
12.768405984974642 26.003715375645562 9.33145168327876 30.5
14.561665910670339 3.325991130472975 8.616824518130922 -36.5
10.89803056708108 24.95170622895537 8.163919507094056 32
12.354186594485926 24.20781229358657 7.396428912593109 32.5
28.408700978942083 6.896006623929523 7.064573137085542 33
24.842972676384953 3.676960111773913 7.193736269832435 -36
26.961878520171084 11.207048355843261 6.268039832326119 34
23.3896303063928 5.7873347787779785 6.336018446480681 34
21.134009368790306 3.721381275038535 6.941962869801769 -36
21.803943457422612 7.268027468867134 5.782872323701762 34.5
19.58428755998563 4.6848094600587995 6.31844960385612 -35
20.13391317157324 8.644386250430637 5.244400783287114 35
17.994450715434745 5.58744706819806 5.73279029618017 34.5
16.731759890730913 3.993578750478699 6.922052718865283 -35.5
16.358359791151525 6.000067785409131 5.482214089437374 34.5
15.114244500798879 4.307374110291848 23.26788695365835 -35.5
14.72021181632153 6.433857685922106 5.2240794093401135 35
13.501433626719763 4.61479309715304 20.988697174124507 -35
13.062069780248233 6.808150602632789 26.240232088183387 -32.5
13.123799276268393 11.463150036098725 4.078072894615913 36
11.40213018808302 7.457339163683541 22.627262260706225 -32
11.297205619446515 11.448488918736075 30.665507993652867 -27
11.445695507908756 9.860886626049544 31.8560374752399 -29
12.218388891100116 8.744892056816164 30.437441094018574 -30.5
13.995275717439132 8.068267931010602 9.26941179716818 -31
17.583604602432153 7.817323998117363 3.1217993014640877 37
12.001126730211807 7.083173193277355 28.446244888148723 -32
14.931887169992454 6.751615201528505 8.103781569274057 -32.5
21.51111168490168 6.860212485006919 4.44001196499175 35.5
13.142218264145725 5.954828856291119 12.410792850916474 -33.5
18.935116706218707 6.002800414077921 6.558971922605243 33.5
11.726370579102868 5.169393205585292 16.05599854895783 -34.5
17.162670376139353 5.192856257408067 8.396650740482741 -34.5
23.878889143047605 5.714554309086283 5.544805465999204 34.5
15.915180120067696 4.685953741032694 9.588376936379685 -35
22.268649182319788 5.168036331454726 6.343461864872223 -34.5
21.00068709609633 6.339581510743326 4.6294300958198935 35.5
20.63780395032193 4.952410962968022 6.693607096506163 -34.5
19.378540246657995 6.068256264692485 4.895828004194131 35.5
19.005171741483668 4.728918993154248 7.063373690538915 -35
17.762030325246847 5.811126346521853 5.154630307488899 35
17.35013943532065 4.5251549897298196 7.371127669900977 -35
16.140119677520513 5.572795909765407 5.396895468204885 35
15.69510712915763 4.321390986305396 7.6788816492630385 -35.5
14.522848818835012 5.355796028071502 5.61655246924691 34.5
14.02341944196193 4.144223937994103 7.901467356077724 -35.5
12.899877435310772 5.165791423692214 5.8053611061295065 -34.5