0 0 19 5.4852813742385695 5.485281374238571 -30
-5.551115123125783e-17 0.8660254037844387 18.433762259179158 7.356155817579371 4.361350626671641 31
-0.14286121678368535 1.7112037601874113 17.289058652353013 5.643468897307168 5.325697143361996 -30
-0.13845662596376573 2.577217963061538 16.6816307451217 20.91642374213646 4.217666081499208 31
-0.2770174319405523 3.4231119779593904 15.577849136924232 5.788106658567209 5.17711890989194 -29.5
-0.26816431721773637 4.29342264652248 14.920631405010834 18.924255477069995 4.097149683601827 31.5
-0.3995551619568035 5.13587839953775 13.867611924587013 21.34983812935793 5.086393616552915 29.5
-0.38185018421103467 6.006053997459255 13.272304274169215 33.81572174568154 6.947493204754215 25.5
-0.21561784865019967 6.893199423045674 12.96422322782486 3.9235674932747866 10.131111954532118 -33
0.05553793259977957 7.686825823710756 11.468526096995857 34.297402399072844 7.15736176919601 25
0.1879928103538927 8.583402373818114 10.992978019783612 30.922203836860604 9.969291528371762 0
0.47204334013421534 9.542211685689624 9.99297801978361 30.598991115560743 10.564627405838426 21.5
0.7363289432364288 10.434304713799634 9.613556729086755 28.448022211681405 9.429002552292683 22
1.1063288859299016 11.284463488721208 9.461094950265716 26.818544767747944 8.05853610330636 23
1.5761821318320282 12.076023412254946 9.624089214964265 25.62660497136824 6.994778282077249 25
2.136353933410086 12.788484890203097 10.326765660605005 24.870541031047278 6.213794534001785 27
2.7802483455859637 13.404352255887396 11.978036096062352 16.646656889305202 5.727673133407087 28
3.5033267558788737 13.911061308800061 26.484826740720923 9.024144511275093 5.554092207974895 28.5
4.293079739008553 14.296560651400391 23.862423437097515 6.111943572569077 5.735547078374864 -29
5.130077157457165 14.55032225926683 24.709659358632745 11.095407946127978 4.871101673531629 30
5.9073506956499395 14.932219950835247 22.13680456395358 7.360696076599735 5.0368866256134055 29.5
6.741552771692395 15.180465663349048 20.439440943062 5.438024767857328 5.639425801863002 -30
7.600890935995168 15.287880370781227 20.38776679841057 8.160633943572542 4.621918924847192 30.5
8.426096938082049 15.535751031092117 18.73493344224795 5.987294881098466 5.205622126111406 -29
9.294236738371994 15.64201917904406 18.570542711523398 8.740789556955711 4.249956492891946 31
10.117039550582424 15.882292593327774 17.007387117102535 6.4271876153351695 4.828687186884893 30
10.97767911090351 15.978726753304043 16.052041933715532 5.019915186932721 6.033865276394819 -31
11.833509236951127 15.930866783159196 15.290836017642366 6.566090095205672 4.735214787435324 30
12.693647203484794 16.03167689439476 14.328688263487784 5.128008331946452 20.321239215648557 -30.5
13.554165784212321 15.98794381371374 13.56340405548585 6.6894391668255615 23.61195815108078 -28
14.43084606591911 16.09295874313751 13.183205119108276 9.502438424825625 3.764732246458161 32
15.24671605306855 16.32434961906677 11.825560964557702 6.976537403453856 20.27301588081021 -27.5
16.129402564369332 16.411829565015378 11.327840239286656 9.63837699264626 24.34037730217061 -22.5
17.023798430073146 16.64336665924695 10.979813472767209 11.113349552319924 29.99653102670623 0
17.95200835184389 17.0154235650105 9.979813472767209 10.103797487851194 27.636232651410758 -21.5
18.81563116983461 17.36159184642194 9.770400069797784 8.643301960972018 30.977674326387614 -24
19.615718033640974 17.802529839277998 9.94349578954182 7.495491928956126 29.542287401229835 -26.5
20.333704186946463 18.33676143253846 10.719452801512315 6.666357864339281 28.663441824707323 -28
20.955801346612855 18.96333271792455 12.46448656198643 6.162278432457795 15.470472382991801 -29
21.46731101399362 19.672781442141197 16.128808581833034 5.998102323543426 7.922537748120082 -29
21.857448115848467 20.45556664503718 24.548947856266583 6.205700130411486 5.2686030348704485 29
22.115956585262264 21.291110182716658 14.674657728497067 5.314076545554736 9.965866341586059 -30.5
22.500299060951193 22.062268837926126 23.02082221369101 5.513660153241094 6.50837264094071 -30
22.749904222566144 22.89154398122609 24.32134886702165 6.180845234984215 4.742359623936082 30
22.85780570708074 23.750821159812574 21.78042383584185 5.107818625371049 7.263723866931045 -31
23.104857793183353 24.571614098467197 22.612058415886988 5.766114893001236 5.2669207352084175 -29.5
23.208905281513037 25.435728186783845 21.589224853728865 7.06772060640154 4.055871441242389 31.5
23.170502746559514 26.287503095535516 20.914301195334343 5.614315864277868 5.483581835811258 -30
23.282772773710015 27.14622041864227 19.86980998931422 6.87623512095456 4.206252722382802 31
23.250684564160448 28.002786894872134 19.199468181639944 5.480132955995376 5.672630869528449 -30
23.367320561287386 28.86092210809567 18.15014939949588 6.69888324063669 4.356392371534358 31
23.33958924962848 29.717640705854947 17.48327154430293 5.336285153446028 5.87895562336057 -30.5
23.459973967301377 30.570818489129913 16.437823762860525 6.537612044746197 4.501243685570497 30.5
23.434283219214887 31.432064560578674 15.751865012693269 5.217764545277831 6.0364178389825 -30.5
23.554667936887782 32.28524234385364 14.722637318988994 6.399515599812101 4.631340009412995 30.5
23.528977188801292 33.1464884153024 14.020458481083608 5.099243937109636 6.193880054604433 -31
23.64873850635069 33.99524810344256 13.013134321421465 6.287369339473591 4.742100808479296 30
23.620720614910827 34.86082016731666 12.278378192073495 5.015203595572865 6.2838247124191575 -31
0 0 19 5.4852813742385695 5.485281374238571 34.5
2.220446049250313e-16 0.8241261886220158 18.563693381102574 4.2473150291196005 7.697354310550592 -34.5
0.15559673774953386 1.633430599813721 17.36656940018628 5.2652343574521705 5.705328391024972 34.5
0.1555967377495341 2.457556788435737 16.900347777164946 4.059371933123902 7.974766549429356 -35
0.31025434670787144 3.261976514483106 15.738079009751434 5.066175736598439 5.90240157757786 34.5
0.30824808701326334 4.0861002610738035 15.233498845409787 3.8863644736510707 8.206691754038358 -35
0.4609469515767154 4.890894103261893 14.109308688040336 21.078979210029587 6.092994587974355 34
0.45691053151981276 5.71992184949303 13.55538971799038 3.7289544169797644 8.389280498589821 -35.5
0.6047636396365531 6.520498851191679 12.480647896666744 18.62965598239586 6.228899820287387 34
0.5946729564515308 7.349475011778228 11.878608703725128 32.87745496824936 8.510442448353444 31.5
0.7433952097650953 8.189044509341777 11.704364922779492 29.261330026510933 12.229374572345952 28
1.0464722582758803 9.018345874589276 11.85393951714518 27.108519818050123 10.49950838435296 29.5
1.4694732571852667 9.77899638065411 12.621371523672801 25.713631678514325 9.299436313634242 31
2.0033764627069806 10.449580565172791 14.401058855858913 4.555241222625168 8.570923566449498 -34.5
2.6197657437706976 10.996616422281265 10.874770566856357 24.61468829431019 8.097604382705535 32
3.1363600490944092 11.669160768106618 12.350927111869154 23.893553966456157 7.342343141490073 33
3.7566930672806267 12.233567773808955 27.890918824546265 6.808669287884976 7.0299372925902635 33
4.469183662171604 12.675976491772111 24.41717145178952 3.678148157856681 7.176770407313041 -35.5
5.227286437779935 12.972732719749759 26.38539225641889 10.776693925872022 6.245062053762336 34
5.9261884683539225 13.418646667017068 22.92732561695889 5.6766658618984 6.33660587665198 34
6.695959117637124 13.726472013943006 20.74453237485598 3.673252971538335 6.973405432023119 -35.5
7.494971750239318 13.882558176592644 21.309398594482317 7.025147212381359 5.804535972078311 34.5
8.257926995068608 14.194140058543647 19.174332681882454 4.565393382093764 6.379107859296555 -34.5
9.0659879191719 14.356070653892356 19.61242413059269 8.247803017115503 5.290943422810956 35
9.824338226602265 14.665771933972216 17.5668068434941 5.385502449694531 5.82675966922937 34.5
10.632790961475735 14.825734899211861 16.367491192558926 3.8617583696204854 7.091617108025556 -35
11.451931072001495 14.830156549433331 15.916827798464272 5.712640465861899 5.614904131189093 34.5
12.259991996104784 14.992087144782039 14.740552144075842 4.115828156906447 22.28698814679344 -35
13.079118915271529 14.998502903445718 14.265763528035965 6.049402629459699 5.399033025546297 35
13.881908453609597 15.161410941300774 13.11858593744386 4.357185930510564 19.975073618513186 -34.5
14.706009364541861 15.167865658433545 12.598054348696351 6.321800442076462 24.58731323328192 -32
15.537525869811539 15.334496612516636 12.544681210532792 10.381159769893724 33.27796417565032 -26.5
16.370155685604487 15.662574501787805 12.74779456833805 11.106753755973157 32.538895011863985 -26
17.148069244776355 16.112775825774516 13.413171554841657 9.936070587893292 2.9257670255948547 37.5
17.769285087173408 16.606233422439292 10.696988411729793 9.87823496470693 32.161703580499555 -27.5
18.561340705465454 17.005527944950597 11.069307226120369 8.594087442108677 30.442799917577233 -29
19.27242595518403 17.514760111795226 12.146698578577928 7.7275879661074 29.485282044659698 -30
19.8857841464488 18.12614520255915 14.417945062898891 7.254907829829637 8.423597795662845 32
20.37822693850866 18.816569470631197 10.450339639425094 6.622435542520558 28.185577579711772 -31.5
20.988167682345402 19.412360993630354 12.465073501167522 6.1333777500187185 15.377484408143296 -32.5
21.479630091963838 20.097761482981213 16.91903714543195 6.048660419601294 7.334918749292267 33
21.838371501887686 20.855833328088092 10.95767866569016 5.268343515578614 20.968140174608997 -33.5
22.325978822027885 21.53229815761756 15.034783369721353 5.157077068528899 9.760413306813 -33.5
22.680807451092424 22.28692535580274 25.63540386688912 5.487495895305154 6.244897421482072 34
22.889523085488797 23.08926012425446 13.623430720912872 4.5513849073427455 11.52193743973972 -34.5
23.24203336674313 23.834189970872675 24.01951945086408 4.847988999943107 7.31039902505877 -34
23.448784337336058 24.63703325126234 22.415903028027124 5.720443772498271 5.255482821400502 35
23.50162608784326 25.4544791644983 22.37857634899004 4.524923434294687 7.9113410896031 -34.5
23.711046273665772 26.25155328937171 20.801829380470892 5.3535004867996285 5.676905789557479 34.5
23.766210819134102 27.073831130308655 20.70426486154487 4.218542196194119 8.436090355387377 -35
23.974367016207186 27.866094387870753 19.180102361147522 5.020830992993016 6.051796000271434 34
24.02784646104953 28.693405239780304 19.001763022607832 3.9354286315951814 8.855991354328687 -35
24.232132112058054 29.48667533530569 17.549898315075367 4.710882206765412 6.390266302443784 -34
24.28157174155599 30.314237429497457 16.847687004685675 6.356086082980614 4.936516913683119 35.5
24.17779149925117 31.121711106180314 15.920706865826993 4.733624001545433 6.385894133769451 -34
24.23327347748208 31.94889007520669 15.183006684249754 6.346962798279327 4.920372478767209 35.5
24.13539296458295 32.75710012366142 14.290573931009675 4.740724674658904 6.400250000236555 -34
24.19691433246059 33.58385185060393 13.521926307173615 6.319328505351635 4.91972531233479 35.5
24.10493876934481 34.392755165604 12.65932402244128 4.732479589330601 6.433814304129328 -34
0 0 19 5.4852813742385695 5.485281374238571 33.5
0 0.8338858220671682 18.533690501635167 4.271586846706506 7.620525490673051 -35
0.150706769945692 1.6390550844930079 17.361493934394492 5.3335717928470245 5.63523325575864 33.5
0.1445831605141833 2.4729184220083154 16.83945952669973 4.132415187386983 7.761319932902797 -35
0.2893731364180898 3.2791726837276447 15.722846629369602 5.197320249568085 5.766709762733395 -33.5
0.2771262477840083 4.112968568799898 15.249798173734636 18.46433146572082 4.532514210244925 35
0.11461058996191431 4.91583763198859 14.084623030709338 20.985166671883952 5.584556326186121 33.5
0.10848698053040562 5.749700969503897 13.510257747663541 4.17638352463444 7.6981028633288595 -35
0.25327695643431214 6.555955231223227 12.445710633289554 18.52733748082817 5.716395569792795 33.5
0.24103006780023062 7.389751116295479 11.824820725550182 33.43613458381637 7.8163216489343394 31
0.38633991400845685 8.234511928589638 11.616298469473143 29.7702101749031 11.913815189952198 26
0.6885152705757801 9.080987440076084 11.63820368507596 27.642950555417183 10.505855017339432 27.5
1.1055967356747054 9.863822844006219 12.176577740066824 26.185432104459323 9.258414584780924 29
1.630759064121001 10.563225561256779 13.52426707109528 23.852708501332422 8.439290987813944 30
2.255841066763777 11.16261899629932 30.54631284324102 3.2068824744789737 8.032652204870459 -36
2.9249308763208943 11.617401717974511 11.555974221197072 24.076112716315283 7.3829984731778 31.5
3.5225218899456783 12.225579512952818 13.843214799596034 10.446481612301536 6.911120020400768 32
4.213163759838405 12.717717075983334 25.522377991009254 5.061697927865886 6.859418009651641 -34
4.962689487572494 13.071997304295106 12.174122354622403 16.727699210934034 6.038258275272641 33
5.640831480595471 13.565446145449611 24.006591335156028 7.724307143244236 5.94328413502619 33
6.397288207892755 13.927580845892118 21.44930223163058 4.884199133400623 6.309825434425774 -34
7.197619223660146 14.143852808727553 22.340790257015477 9.641205437133422 5.315624192261916 34
7.943611365797822 14.505514281069848 19.84751500614606 6.044338788719806 5.643301646264366 33.5
8.74862275382479 14.723051012201699 18.31768196766124 4.275403433622493 6.566948531443893 -35
9.56522697662767 14.787608079695024 18.210396748957674 6.735310253954829 5.283242814263039 34
10.363948227508674 15.009751412025844 16.70515715199012 4.761530080994279 6.151999271582861 -34
11.190078390819105 15.079121794586662 16.523872356751934 7.328085688057154 4.948446964173797 34.5
11.98406785770333 15.29994910550982 15.07567449700585 5.187436916565977 5.790267569133045 -33.5
12.815197583306318 15.36769084643623 14.812963969830715 7.820949726399602 4.638303194077488 34.5
13.610261545815796 15.584617724188565 13.437709241416165 5.57771821746479 22.173891045222085 -33
14.446484589791684 15.648643830282868 13.090073204228702 8.24234356461387 27.95574249904897 -29.5
15.287816419506795 15.871533466119196 13.14050437622624 12.728986489143228 3.552023143484056 36
16.025241116006022 16.204269569030345 11.341577483661519 8.703566796170355 23.36160828272333 -29
16.877490426542952 16.400816623971217 11.181915872515784 11.225752930091476 30.985340819639994 -26
17.70914346856842 16.74167430006582 11.292505787313882 9.684482966117507 31.3234553868205 -28
18.46843525057591 17.19230989731848 11.986042236874507 8.581224554208713 29.948973919868166 -29.5
19.1381626478513 17.748173415453785 13.602741014095052 7.89024727298335 12.767274042072799 -30
19.70473337678995 18.40315250604365 16.83603525394491 7.598269212289946 4.180625390791849 35
20.129888333057007 19.10333343610701 11.668722760270857 6.881172236416118 27.9312897514059 -31.5
20.703602471051944 19.734084843346423 14.417391133691552 6.531094596881703 9.258449587345803 -32
21.156241569813847 20.451234353327816 20.522226849912542 6.601504361419172 5.1059755406961145 34
21.467938590168533 21.219445433832362 12.738703773088213 5.728308192734966 13.446562979106155 -33
21.92258777167 21.924188254510902 18.22599706014333 5.751344197169853 7.193266856153075 -33
22.241738287043578 22.699759830881955 24.900605900604454 6.2603872792212005 4.768861149275508 34.5
22.411782123619307 23.506152457593817 16.589531738004833 5.1963266516355 8.67149940573107 -33.5
22.734796853450465 24.274935293352225 23.318351771412242 5.644313099004902 5.737836329072243 33.5
22.910857884866402 25.09002306620948 15.30113166516955 4.657255682702554 9.991819015266007 -34.5
23.230092114685313 25.849808220897682 21.681284086832235 5.080672086373529 6.579058557436522 -33.5
23.402149678694414 26.66575047308952 20.340311657321397 6.125175858047367 4.820043958876278 34.5
23.420931591653353 27.489662613137387 20.029484457915785 4.827933517389705 7.004064475215111 -34
23.595968996348372 28.30001142918242 18.70690246271141 5.836473343990766 5.121445319681753 34
23.61689166087181 29.128784943972313 18.35255969246931 4.59477552317291 7.365699211585422 -34.5
23.79089210906985 29.9343330920054 17.070879875715633 5.587524521943905 5.382779735377577 34
23.809785952928223 30.763155340362797 16.67015472483543 4.376929972613455 7.681154329462245 -34.5
23.981813975289093 31.56912701126399 15.434687776281969 5.343006994746842 5.6370511968589305 33.5
23.998777512028152 32.4028402729229 14.974918231181515 4.174623961486942 7.945845688067438 -35
24.165832458165134 33.20477712619379 13.79664230803601 5.14555286912919 5.835413258468435 -33.5
24.176673195265828 34.038592479053015 13.20054561342161 7.1165645617675075 4.553574768356129 35
0 0 19 5.4852813742385695 5.485281374238571 -30
-5.551115123125783e-17 0.8660254037844387 18.433762259179158 7.356155817579371 4.361350626671641 28
-0.1471579321431546 1.7366234710593 17.26445388906294 5.784441994645624 5.193120780289352 -29.5
-0.15613261265836104 2.6069328945201042 16.694553922218496 20.66353202189581 4.130720597207437 28.5
-0.3093140495859924 3.4722969594594217 15.529919644515669 6.063995616624242 4.926197995112941 -29
-0.32284189258066165 4.34681204199403 14.935889299863923 18.50174887072436 3.9148319394496376 29.5
-0.476762284301227 5.2034493926084044 13.797947265173718 20.453426698986107 4.712229369833291 27
-0.4882518536405264 6.094381834459432 13.060562520045412 35.192931248189204 6.15116078879095 23
-0.3606965315107465 7.006006112890994 12.556054753968205 31.900734722521044 8.434099984385629 0
-0.09431864774336518 7.969874788095044 11.556054753968205 31.594523570623956 8.974200614480154 0
0.17205923602401613 8.933743463299095 10.556054753968205 31.28831241872686 9.51430124457468 0
0.43843711979139743 9.897612138503145 9.556054753968205 30.982101266829766 10.054401874669205 0
0.7048150035587788 10.861480813707196 8.556054753968205 30.675890114932677 9.804136522989458 21.5
0.9526576663378241 11.758281162344606 8.082836800546104 28.44834542640366 8.088281608243262 23
1.3044153506414162 12.608925457430908 7.838390131011543 26.714855824724356 6.724646822204312 23.5
1.7622480647995398 13.403524970316397 7.848396593864303 25.47569940238976 5.66891385076126 24.5
2.3173037111094477 14.12459552441963 8.242645008911545 24.683895738447944 4.875745705000866 26.5
2.9559811080571614 14.751491603689646 9.357693140329667 24.387732107949454 4.340632578818193 28
3.6710865033174365 15.26939190819334 11.871350423325817 13.970006289931018 4.080606474192159 29
4.451001766479221 15.665235077142718 23.805135553082973 9.3145045067148 4.134586063926664 28.5
5.288635913656887 15.931108266820539 21.983082277661428 6.961356723580236 4.55381493863877 27.5
6.165999539313144 16.06157391958337 20.834569536541444 5.513731299770427 5.456843530572426 -30
7.032004265814278 16.05558946658445 20.267177584612533 7.351717244200968 4.329324540822224 28
7.90359844489103 16.196727833922658 19.096529377041083 5.793457293589475 5.179292644000816 -29.5
8.773949106078875 16.199688243507165 18.530211565550328 7.713496754839323 4.112107525505614 29
9.63621292360085 16.346183093618126 17.364150425323764 6.028955377561738 4.9483653873599165 -29
10.510817025270661 16.351407790637293 16.76845503587359 7.975678789158005 3.9260751572104766 29.5
11.36887706994734 16.497188438133744 15.63123070624982 6.219825461168618 4.755815140360497 -28.5
12.24768909891044 16.500177628203375 14.991173445083529 8.151876003458533 3.768511993309886 29.5
13.106489385396562 16.641532166108526 13.893536620593473 6.376107482952943 20.849221433453792 -28.5
13.985305145203315 16.639990147044486 13.216630475903642 8.310594753011491 3.621024221576848 30
14.840546472846444 16.776233574376654 12.160133516902382 6.493550933312662 18.238501093796415 -28
15.723454462141772 16.767870908901266 11.433621899706777 8.367394579341928 20.979051690441363 -24.5
16.623512923671807 16.90175249958288 10.944240475813677 11.420749786085311 24.94927421059954 0
17.582796944879686 17.18419570919367 9.944240475813675 11.142056750832584 22.94491447088638 0
18.542080966087564 17.46663891880446 8.944240475813675 10.049520129834463 20.940554731173226 -21.5
19.434615672103817 17.72942904298357 8.514234503441521 8.361533764775023 25.73003597581385 -24.5
20.269590029056328 18.091157308021003 8.396128384645808 7.012433555947167 29.833680004710615 -27
21.030362325972483 18.554965607204146 8.721534057264419 6.002906932612698 28.561667083931535 -29
21.699645189228978 19.11801097044568 9.747511963495063 5.324586599807924 27.972144915689814 -30.5
22.26068233651325 19.77195449208214 12.076144024609189 4.9801810526276205 14.473791833398916 -31
22.70070798365873 20.50755846926494 17.366609633229775 4.989966597841147 8.557882809951384 -31
23.007912498664282 21.307784167023485 26.240825466944422 5.422478392046509 5.9826322572554425 -30
23.17488151250965 22.15756140160647 24.852266425104357 6.40565274258309 4.520815909876311 -28.5
23.198225425907943 23.036068418775237 24.204786478760543 8.206252556742973 3.540865598070763 30.5
23.083825146107152 23.890069230311543 23.127650891355792 6.439746378183731 4.469742256026773 -28.5
23.11618622720433 24.768290317474527 22.42346984763234 8.191576162089207 3.488852336380865 30.5
23.01055880240793 25.6234205164817 21.403640312018794 6.450128218594655 4.444755783785511 -28.5
23.051933640824053 26.501263122108448 20.64858556063661 8.149902147005047 3.459430671400602 30.5
22.955090202602406 27.35743259049457 19.679871826022683 6.4374625054539045 4.446739935158079 -28.5
23.005474438040647 28.234804202940985 18.87973676848265 8.08225637376557 3.4531496530595467 30.5
22.91742519226167 29.091922713090497 17.955982172956055 6.402377185919963 4.476633514119944 -28.5
22.976813514967837 29.968730870348207 17.116531201858606 7.989599667024125 3.470589025977639 30.5
22.89756774072147 30.82670809463057 16.23160738522515 6.345465983930275 4.535434614248311 -28.5
22.965953892043565 31.702860394071063 15.35858081895389 7.872832485026544 3.512360940956026 30.5
22.89551994066388 32.56160591435994 14.506382478427234 6.267290322944698 4.624204895824418 -28.5
22.972896713711688 33.43701002247242 13.605501460212263 7.732799185681305 3.5791117924934834 30.5
22.911282007896787 34.29643333967444 12.779941139375518 6.168381112173865 4.744074248892741 -29
0 0 19 5.4852813742385695 5.485281374238571 30.5
2.220446049250313e-16 0.8616291604415259 18.447531345874303 4.3480608136268994 7.393460305678417 -30
0.14651370523971252 1.7151710364950274 17.284894862174333 5.257059442470332 5.714725022354138 30
0.14872118748340862 2.5811936268598195 16.70281728656091 4.165925425309751 7.651081598798779 -30.5
0.2944911386733081 3.430402630258431 15.569597369741569 5.068808011928082 5.90175473654906 29.5
0.2944911386733083 4.300758326198331 14.942599738211282 4.012829823478808 7.825491449318193 -31
0.4351875966119797 5.146299743348583 13.854193011098147 20.654544236339362 6.031929330363244 29.5
0.42853226202438083 6.016629993297735 13.183017434369212 33.54807134894265 7.939295624447169 26
0.569277493212959 6.904335753986772 12.820564345270629 3.1274284179478418 11.18492113394832 -33
0.820235909692235 7.704578338917189 11.401293325280834 34.05405240074679 8.06597187520893 25.5
0.9294786823900427 8.60052823268258 10.885382073739315 30.499640848132785 10.944353157581517 20.5
1.1751014737780916 9.504422161449739 10.468017878622469 28.336062130495463 10.584165895642286 21
1.523408222026227 10.370594674211201 10.26671140967378 26.659037158791957 9.112297966746544 23.5
1.964740048708273 11.174476132380711 10.450493104159598 25.35368918663974 7.948482002960169 26
2.4981643610568316 11.897863470297471 11.23878100800545 24.50199111421384 7.102193639796267 27.5
3.123263188842493 12.527180301215346 12.986327784095005 13.781537195240901 6.582095230126987 28.5
3.8311750650940777 13.04793004242457 26.41898150611925 6.9633259905032805 6.402853520454629 28.5
4.612902031619648 13.449455218863411 23.698856795565455 4.607161871342923 6.593528863354553 -29.5
5.4404957180966695 13.718913430017572 24.683466850291104 9.355111232772645 5.683811324894595 30
6.208793804730906 14.118560837208173 21.99974298834973 6.0372976762613355 5.854371187180801 29.5
7.037074792858776 14.385898904383328 20.214381295592663 4.363174993611238 6.479215321055069 -30
7.893719487428424 14.513020370964204 20.248518535787657 6.952666236352787 5.400231448288475 30.5
8.713015387475183 14.779776885954448 18.51202112568686 4.996966721494654 6.005907311454484 29.5
9.574266322412818 14.905339079803056 17.42986736772413 3.8017531362202464 7.241449003801852 -31.5
10.42673396727991 14.888187860472458 16.810587821305138 5.291906365995491 5.804376175431042 29.5
11.28666319973832 15.02250372929857 15.714262270425209 4.033294639942231 23.20533871282867 -31
12.143788111232112 15.013979206455287 15.094855674332074 5.5956005750923445 5.600900154049954 30
12.998391949436062 15.154165795425408 14.00180876803941 4.253929005491744 20.92791824575145 -30.5
13.860010937781652 15.149979025131817 13.362590758405524 5.860225392139673 24.767868610739306 -26.5
14.742770338229285 15.297095823959683 13.04378337942023 8.67393132809069 30.62443445383579 0
15.693744887121634 15.60636497431095 12.04378337942023 9.35550986528974 28.528642354263653 0
16.644719436013983 15.915634124662215 11.04378337942023 10.03708840248879 26.432850254691505 0
17.59569398490633 16.22490327501348 10.04378337942023 10.718666939687841 24.33705815511937 0
18.546668533798677 16.534172425364748 9.043783379420232 9.852638504424172 22.241266055547225 0
19.497643082691024 16.843441575716014 8.043783379420235 8.785478950028164 20.14547395597508 0
20.44861763158337 17.15271072606728 7.043783379420237 7.718319395632156 18.049681856402945 -22.5
21.327203553244168 17.438438164113972 6.596401812727828 6.209445570735589 22.78317773635222 -26
22.13949319713653 17.823166993405522 6.453335649188839 5.014608124413954 29.807643794496755 -28.5
22.870235037784596 18.31136355201055 6.73260700327724 4.13456498218252 28.709970403384492 -30.5
23.501434201222562 18.89787222730733 7.708773153803605 3.556743975139006 28.380568451883782 -32
24.016067976188932 19.571917960962253 10.096639852416624 3.2852244788406253 16.666725077241864 -32.5
24.40141850411666 20.32212733273534 16.291741943106935 3.3484433622379814 10.577598196011177 -32.5
24.646175859685652 21.129222722243433 26.060636510334046 3.8359788401393855 7.688762504193003 -31.5
24.743480508262238 21.976292409598116 25.07539334658856 4.929362083403105 6.00701900772526 29.5
24.69069261691445 22.845045813034375 24.30304097531167 3.834684395357928 7.624786506812542 -31.5
24.779376305336974 23.69306141034232 23.373122101049468 4.967148773598241 5.9746012350503594 29.5
24.717754663379097 24.561232943334183 22.551637090977984 3.856738950468026 7.536105922287144 -31.5
24.797808216339092 25.410106714002268 21.67084451476468 5.033635399289942 5.920753164767799 29.5
24.72735919921156 26.277606554602134 20.806044203957086 3.9027381683584714 7.42360631160577 -31
24.799153516577892 27.13176190194057 19.958449539447763 5.104724548502572 5.86517186293001 29.5
24.722073062354276 27.998697678703596 19.06534722844725 3.954796142775268 7.32229974635179 -31
24.787333825071187 28.85337704211572 18.245108103022073 5.198308860690439 5.793755633040199 29.5
24.703626440847916 29.71969806303206 17.3280622921735 4.025408005603876 7.203349923040502 -31
24.762349832947354 30.57485146717267 16.530617596799875 5.315029748372277 5.7067949525954536 30
24.672469830465868 31.436200168427817 15.601261811864116 4.098289861628709 7.097131338417714 -31
24.726843167044436 32.29164117847016 14.814191166927564 5.424336899014474 5.62561090336124 30
24.63258352185515 33.15252161110223 13.876239432811044 4.1836955850331625 6.9792580005900255 -30.5
24.682865778010438 34.01268235470722 13.087406500829193 5.521685536191386 5.5517520613504345 30
0 0 19 5.4852813742385695 5.485281374238571 31.5
0 0.8526401643540923 18.47558683586642 4.321951669779004 7.4685466460003855 -32
0.1477013043506087 1.6877269251686005 17.31233718819422 5.2972734151093 5.672400383197713 31
0.14554765705515482 2.544891520328872 16.7397333606295 4.169687778028202 7.645953231780387 -32
0.28904045060853856 3.3807117112747385 15.619818961078458 5.138190377718322 5.827650593832807 31
0.2825689797060492 4.237854582362927 15.006658665700662 4.02699737901769 7.806451815459569 -32.5
0.4210848283029245 5.069793576855815 13.932133481638857 20.589721258649046 5.94682542504262 30.5
0.4080856878506912 5.931324674652449 13.263422437440347 33.635459029632145 7.869649607263684 27.5
0.544943450513937 6.807713955151892 12.949836834209808 3.1371778540343387 11.284341472156887 -34
0.7974065754014564 7.59737569746944 11.510381436093464 34.06519752254622 8.037611789885956 27.5
0.9053061497258859 8.477799402304862 11.056002619486458 30.31693429075665 11.17241084411306 22.5
1.1574954214069888 9.366592945171949 10.741761492151504 28.070615822848875 10.609349911504086 23.5
1.5183168599772303 10.209686694110554 10.727377606371643 26.378351094160735 9.161499097777625 25.5
1.9805843728907924 10.984908560436336 11.185492846241202 25.170750437204582 8.074584713562452 27.5
2.539500866712727 11.673675989333288 12.40629435655848 24.496012391456734 7.339678517034288 28.5
3.191688999125278 12.262717717437285 28.941991693843253 7.8259314164352 6.957199939694636 29
3.9257408184739844 12.738246432266848 25.461844811802585 4.51654692215907 6.945151625502971 -31.5
4.706855352017094 13.080087528914843 27.39002936213576 12.672358110691574 6.097330198431884 30.5
5.423975784125685 13.557730801635769 23.88632247593411 6.894208635848978 6.047401188150541 30.5
6.211566542626349 13.907166929200617 21.536636036502813 4.627344368011451 6.423072022911329 -31.5
7.03820690940877 14.116118966461798 22.177210063007756 8.599629265301846 5.432647754575298 31.5
7.815820750880111 14.465850239615854 19.881924233454296 5.717973480719843 5.7725565574389535 31
8.646850206762078 14.67591171835355 18.413430915681317 4.170588377594112 6.660646712100727 -32
9.49251095586872 14.739500009846019 18.179735193450536 6.331100416638353 5.428708499031286 31.5
10.318088266886514 14.952613485258535 16.74126679240272 4.617189673039797 6.27565423905137 -31.5
11.168164841576386 15.018682139197509 16.44915250247399 6.880752590516986 5.104606193455407 32
11.989295836934735 15.230647848349593 15.061549376696902 5.021285457859305 5.928936557301087 31
12.844050119040643 15.294919915490471 14.23778765687386 3.8536389747845172 19.20632013897065 -33
13.678739031371563 15.213294299598617 13.380507053821315 5.089357955998844 22.325353736249454 -30.5
14.5372517953257 15.286510720236327 12.97978018894081 7.451513088364543 27.570091274876727 -26
15.406965011744203 15.513291801567664 12.855295336554663 11.728383131280731 34.19065013610857 0
16.327353732262786 15.904296409139194 11.85529533655466 11.744654689927756 33.52554225271539 0
17.24774245278137 16.295301016710724 10.85529533655466 10.752102582690588 31.066786541353906 0
18.168131173299955 16.686305624282255 9.855295336554658 9.759550475453423 28.608030829992423 -21.5
19.024477008242943 17.050103180328723 9.677814985412963 8.360881923598075 31.106792673494063 -24
19.815357706999645 17.50734821694863 9.894016460744549 7.264995237953922 29.749006418295984 -26.5
20.52224266998851 18.056184404418307 10.738370762273028 6.480506252938255 28.95308056027762 -28
21.13136606351455 18.695375411234497 12.611392183999136 6.016276816292962 14.374464777247375 -28.5
21.630610921209335 19.41861402301683 16.465502102549518 5.8805766992824715 7.857668961846468 -29
22.006662491133586 20.208262583373973 25.71113327712609 6.124681576158377 5.30761521723641 32
22.24276374812334 21.022781932341445 14.483704266999851 5.187668703455413 10.260064610970455 -30.5
22.625054643518244 21.794959684819027 22.81609422461169 5.384043429387058 6.723878547497531 -30
22.87245419105113 22.624895503952366 24.580981001359447 6.044371738602299 4.915057459511106 32.5
22.97531046125163 23.461991507138855 20.592843065940933 4.932352405479018 7.711173304190435 -31
23.2305291372446 24.280281925521805 22.937903729411147 5.539960578381441 5.57976230662938 31.5
23.34088901572787 25.125749812014803 19.185497886662425 4.509616035356782 8.553868503218991 -31.5
23.596814103056893 25.93907483901533 21.26503893467924 5.077877317826928 6.180588314993205 -30.5
23.708337455368127 26.793456107543868 20.22530768374718 6.278128717128629 4.7669379802451015 32.5
23.674442426060597 27.63616617503956 19.58439535389702 4.918992518893751 6.431952166246191 -31
23.793945286974747 28.484962291681406 18.526519299016307 6.077984950518907 4.938854219406389 32.5
23.76640297482414 29.327903898147564 17.89874404740784 4.760034510886225 6.681974023989092 -31
23.892300067851256 30.175775175736483 16.8304836756282 5.8630506550018815 5.131260143750238 32
23.87099505127657 31.02355561291541 16.199105393877296 4.601536784487043 6.92514666367833 -31.5
24.00047410842645 31.866307310409606 15.13832980026741 5.683162374160082 5.300396828267049 32
23.98129922174098 32.71413860088852 14.495494689299946 4.451020424478672 7.1464005994626625 -31.5
24.112895298055676 33.55656232002773 13.446759902391722 5.498141230556861 5.476289519363302 31.5
24.09575836785905 34.40903025226519 12.780048336876712 4.309322495487952 7.340563824831005 -32
0 0 19 5.4852813742385695 5.485281374238571 -34.5
0 0.8241261886220157 18.563693381102574 7.697354310550587 4.247315029119601 33
-0.15834274680319305 1.6477134008058378 17.35284136668763 5.774234474927846 5.201023211167268 -34.5
-0.16442758077181185 2.47181712581151 16.914638459106133 20.471049841844753 4.0138123956446785 33.5
-0.3279088284856547 3.2895208899526334 15.711892841891434 6.061080155130336 4.924734166717299 -34
-0.3380995672223265 4.118495826577353 15.244405239703301 18.456749301973392 3.7939462463907407 34
-0.5026306742581327 4.93104293999634 14.070246761245347 20.847809055496487 4.680622402819931 32.5
-0.5129978544216738 5.774370665406697 13.456712713623102 34.42734713505554 6.475118370364948 29.5
-0.3676546843470412 6.632504920851428 13.2588884196585 4.081029924832607 9.876172392581209 -36
-0.10345867522426744 7.39716756931222 11.737845346824177 34.812597082564515 6.744166675474245 29
0.01465712419730747 8.263774914102008 11.368570883363558 30.941190565471352 9.837415225819283 24
0.28268756738073325 9.137116190297245 11.175762509330086 28.654072299279445 10.701193706959822 22.5
0.6709932004731786 9.975431241994368 11.20740672539248 27.078556048484796 9.331875668983333 24.5
1.155650037329833 10.745585294754823 11.719147545442326 25.948960001633093 8.295231182730173 26.5
1.7324286650020129 11.429861500856294 13.009321333600635 19.270697563094163 7.59199175700827 27.5
2.3986152857383405 12.015509521878679 29.713905904189517 6.286465934936876 7.22829927039542 -34
3.0980910698188606 12.46052291964654 10.933502513087673 23.915078733658962 6.544147122124677 29.5
3.732474556188811 13.05640598676301 13.093755609851414 12.680656697033658 6.118486575472112 30
4.452462683810682 13.537672125280517 25.001528078989384 6.946796079782514 6.054340347450884 -33
5.217634054820686 13.881010288793652 11.288540283086522 18.55240349777236 5.253914701753676 31.5
5.919253602848479 14.365494818675721 23.483710067040114 9.521492198725843 5.145586462020226 31.5
6.694530613277223 14.720376217132223 21.07938303224607 6.3186769887295355 5.442976801390417 -34
7.496922839928151 14.928870848521433 21.892221836372677 11.627533765225236 4.510337245695318 32.5
8.259365939866294 15.28941162322946 19.506612795299052 7.575943601757125 4.749423483398083 -32.5
9.074053825583812 15.50756931788053 20.14764734637291 13.344951741996457 3.8956941561194904 34
9.823520730805773 15.861973966107625 17.846487341803268 8.572349192896672 4.1189408898365105 33.5
10.630605383771476 16.071687883604458 16.415845515041813 6.248122417483735 4.859374475067082 -34
11.457659548477226 16.129000232630034 16.170401039971804 9.150434442093763 3.7994301518206326 34
12.259536195990606 16.33946908752467 14.783008266827569 6.655994726210702 4.504367397559691 -33.5
13.091427011148976 16.397116601779665 14.470062446336627 9.62879493690874 3.4982773784820775 34.5
13.889065706210483 16.604376069387854 13.144273368453046 7.003190413875288 21.402114869444073 -33
14.726004359684149 16.658246393867906 12.751415220082905 9.981511133153859 3.222578135618651 35
15.520328207948497 16.85839557758183 11.501170449750559 7.273689663807787 18.690153730937045 -33
16.357755407882696 16.904046495954475 11.034617954806512 10.243762680364338 23.16938485442621 -29.5
17.203778101509933 17.1084104832975 10.904141177748583 10.798497214067009 31.19970277211683 -29
18.008705763439814 17.450537785886322 11.190784291777938 9.29069868252952 30.362172961474336 -30.5
18.73678735309804 17.91130020723155 12.172267318537582 8.277980544588823 29.130773280173898 -31.5
19.369749275056535 18.48257462046952 14.304182305772155 7.7123405214950616 8.085551034214172 -32.5
19.88785884936869 19.148060608208127 18.837484910822525 7.5979310403656655 3.3077658989424066 34.5
20.269481567337806 19.878504360938287 12.642025216299404 6.79410004249155 16.949598410008445 -33.5
20.788221388438792 20.53140141426963 16.708178489785816 6.639587649195766 6.464317861363638 -33.5
21.177987067909555 21.26859086030866 26.72523305459474 6.967177295765495 3.828673764622156 34
21.424033252739683 22.060275501841193 15.262928657200181 5.967470762739724 8.716084238391742 -34
21.813335471891616 22.792222958200828 24.5844654628206 6.24935583757701 5.193873460202013 -34
22.059381656721744 23.583907599733358 23.58816237188763 7.143255989272914 3.524090878575909 34.5
22.152989729233358 24.402700310700737 23.23347343741516 5.854242046830974 5.96546912447209 -34
22.40097314485733 25.193780282816974 21.97486742918188 6.688090603094333 4.094957076274251 33.5
22.49771753995309 26.022035126607335 22.109179278281925 5.476195071470837 6.664189294547278 -34.5
22.742295627052204 26.809032924624326 20.33553373166932 6.289108827344283 4.598140016587318 -34
22.834434042385528 27.632934501954907 19.43203135669849 8.002243071738443 3.3708586735563415 34.5
22.7717578893088 28.45467392209255 18.685635714948766 6.233372297225818 4.668867730524337 -34
22.865912860527413 29.27834748492116 17.778022052544348 7.922788734276605 3.4258614043562465 34.5
22.805248434426044 30.10023786823176 17.03502163751362 6.172771697462755 4.746572560177278 -34
22.901419397330496 30.9236784809064 16.124817021428726 7.83770009543994 3.486465700573908 34.5
22.84276706172045 31.745714902423195 15.38367110119578 6.107334542192545 4.83132036834651 -34
22.94095344003098 32.56891763068776 14.472396027126802 7.747023790706692 3.5527079733114153 34.5
22.884313546371303 33.391095164568895 13.731563668068706 6.037087987504668 4.923178047681966 -34
22.984514751731286 34.21405507559273 12.820738867570872 7.650805762271435 3.6246251120491344 34
0 0 19 5.4852813742385695 5.485281374238571 -34
0 0.8290375725550416 18.54861510834519 7.658873460936967 4.2593758901564005 34
-0.1545306424277979 1.643545753765524 17.356454246234478 5.7038207045621885 5.266742043914952 -33.5
-0.1545306424277978 2.477431575832692 16.86160249864396 20.66000862785046 4.084306348891325 34
-0.3070561419299499 3.2923176222892345 15.707739039327606 5.897652301448707 5.070927097581363 -33.5
-0.3050037746189922 4.126200918700103 15.175882079595322 18.69844399048195 3.9136145069304966 34.5
-0.4546315001228921 4.936630137406573 14.063833329190551 21.311088495905473 4.900780761862288 33
-0.44845027771215584 5.77527792642614 13.521823515339946 33.77857865460562 6.897624136672837 30
-0.2849540340115702 6.625730146304364 13.41116709686052 3.90814517749976 10.768833020276698 -35.5
-0.00016155326016575877 7.388407876499785 11.806850283189819 33.935200700157246 7.285555509360494 29.5
0.14071818108162892 8.247286178651382 11.524547420059509 30.289086188395302 10.890097681099217 27.5
0.42602150221157875 9.08716130813656 11.57314746110624 27.989386273252837 10.53084591362253 27.5
0.8371955137854911 9.873115600943553 12.080107939299769 26.48897291438829 9.262516307330397 27
1.3668161051438652 10.589631236052405 13.186039873359721 25.633316532651147 8.410421620317278 27.5
1.9959336641330263 11.214930616467132 15.361158720911948 4.742208955062204 7.920363501035103 -34.5
2.6629052822856276 11.699009985322645 11.1182954757985 24.351421223200525 7.306388437277928 29
3.261016468481219 12.337149970799425 12.853293681090017 15.036109282918506 6.745012701 30
3.9475781073436744 12.865007068925896 26.495390569699286 6.7771549647179565 6.554402372419366 -32.5
4.692521277872395 13.260442023821096 11.10799578473879 22.482660307044387 5.800054307502517 31.5
5.3618574296606845 13.788631730062155 24.968976452791235 10.144263062185127 5.575305827407037 32
6.108911221023923 14.189999648815448 22.131088584713567 6.252604459104537 5.759641495470108 -33
6.906200718753286 14.450187616155139 23.28661417862135 12.699775699978074 4.872708421162856 33
7.643004995926901 14.850796875504653 20.51737198472876 7.711815885997369 5.01849597092216 32.5
8.444782437418272 15.112449441297349 18.754244474951626 5.447442063376814 5.651959456249811 -34
9.266235246986291 15.224335894278774 18.86345544283582 8.70811510348862 4.5712019280422735 33.5
10.057033961801498 15.488916613325445 17.13391694672057 6.098973702406896 5.163800582323683 -33
10.887750543082346 15.604148046202766 17.136982341311718 9.49732210490004 4.155645537572476 34
11.67459996407644 15.865244360595014 15.488430593453625 6.659896082994532 4.720865611019893 33
12.505875154161906 15.976374374030957 14.51571872684439 5.061628419250596 20.598109020737827 -34.5
13.328985336353995 15.935464683927538 13.83640448843553 6.871192782692923 4.589874562149131 33.5
14.154679609560425 16.052060273204066 12.861200235928466 5.2002649937965035 18.469684743311607 -34
14.982887169987707 16.01497208695767 12.17141332664987 7.036275450162538 22.056788069718923 -32
15.822310213250766 16.13561423478969 11.937461484424075 10.68036864079984 28.611508699141766 -28
16.66034799380431 16.413623461435606 12.019268146422814 10.998157318483473 32.24435137635403 -27.5
17.448163733224433 16.821219559181216 12.556424281762512 9.701013677848957 30.57310717226565 -29
18.153858252792084 17.33789632193409 13.904054672460774 8.846610723714049 14.29145792277723 -30
18.76075759668896 17.955693364964837 16.645927056424757 8.416294582589371 1.336443036688693 38
19.21157082890573 18.60201246375281 11.81451631688612 7.79339747123932 28.412446974554356 -31
19.835788894051888 19.189454025559716 13.94699968406115 7.267835657521919 9.954312757398073 -32
20.34441815221127 19.86804215626845 18.505081861643934 7.171157422475856 4.458193322348278 33.5
20.718825134639033 20.61314951481081 12.322589122890331 6.366053049165366 17.24103477070225 -33
21.226823367385794 21.28046212301184 16.444087337920067 6.2340973904074595 7.342666560814907 -33
21.60523171853585 22.02891081284822 26.15153502714307 6.56498847889296 4.522004944150912 33.5
21.84012590593282 22.829029732116947 14.99679823500653 5.581626954546753 9.401918696249448 -33.5
22.218215565440154 23.57227516507854 24.543037064383988 5.866555450511083 5.8009428563501775 -33.5
22.453109752837122 24.372394084347267 22.75762237375951 6.744273634573714 4.039597660046142 34
22.53630274646421 25.197246933356904 22.8682570466613 5.492738151989283 6.507481916632077 -34
22.771788351770176 25.992136753647515 21.129662268714387 6.332807273226583 4.543373502967291 33.5
22.85546786181596 26.82181337971525 21.156360683918454 5.140470981158751 7.130514794643515 -34.5
23.087612894464492 27.612567866638507 19.490145866599867 5.961064034364895 4.994682520398297 -33.5
23.167218432159462 28.442645286288585 18.64383631861427 7.657349581954765 3.733150238890804 34.5
23.093619891240966 29.263478539481532 17.84172399417008 5.917269948297497 5.052133600502321 -33.5
23.17729940128675 30.093155165549263 16.978152129213903 7.579586293207301 3.774150065829452 34.5
23.107731298260532 30.914339830417028 16.1922211397733 5.863617241341039 5.123364001037697 -33.5
23.19548276403195 31.743595668201486 15.314403703596511 7.490484688603075 3.8263005763171885 34.5
23.129946775446886 32.56511195469423 14.541556090493824 5.8002206372966025 5.208629182573411 -33.5
23.221768082187108 33.393927019635235 13.652508554399965 7.390235730758345 3.8897444377131274 34.5
23.160265787420574 34.21575512971124 12.88964736564869 5.72719187661631 5.308192574597523 -33.5
0 0 19 5.4852813742385695 5.485281374238571 33
0 0.838670567945424 18.518922497533133 4.283948897943897 7.582314712676082 -34.5
0.1496170973672356 1.6491017488288184 17.351452980820724 5.335461903684353 5.633363850249957 -33
0.14342487676950388 2.487749456714537 16.869602153776714 20.56857110238331 4.420555906613142 34.5
-0.012171860980029647 3.2970538679062424 15.702946132093757 5.502494985115847 5.46806776336129 33
-0.012171860980029314 4.1357244358516665 15.166153623466336 4.298725433505797 7.560846968754484 -34.5
0.1374452363872064 4.94615561673506 14.05430924103197 20.941660313989395 5.616275940074178 33
0.1312530157894748 5.784803324620778 13.467210698176117 4.161197809128273 7.6993305891239 -34.5
0.27488231639952687 6.596317094546414 12.405362528996172 18.469413171646117 5.745833180358526 33
0.26249821277292096 7.434896223499231 11.772570493738076 33.47578619244749 7.814464775383467 30
0.40712928949577115 8.288759123294033 11.519522150957558 29.867154185727735 11.725375399393032 25
0.7053006691657031 9.144614036926596 11.467536309762322 27.74931782837041 10.493715853531441 27
1.1140458514993796 9.936333685580868 11.91344122741304 26.245196874199028 9.21369716839156 28.5
1.630728181221222 10.647219673388141 13.100881270158219 25.3693853998818 8.35282577935806 29.5
2.2479016356486206 11.260910120279064 15.542965137023902 4.5534417904413 7.891920583230007 -34
2.9237526457727863 11.741044173249794 11.229731480850367 24.08154348273325 7.260962484012769 31
3.517756575871355 12.359020800979678 13.305353508286025 12.503197872079483 6.754567864171387 31.5
4.205384096207672 12.863167251077169 25.752590317639175 5.892487851211749 6.6507563008141375 -32.5
4.9620101309737015 13.235761097489833 11.722095972971722 18.98095639159592 5.860771371072875 32.5
5.6396706933053276 13.737842060214703 24.15382819308408 8.609072120290085 5.726883263251681 33
6.39206151900064 14.10835031511252 21.529798136484004 5.410063232267749 6.044232131623328 -33
7.199213826725186 14.336107803843053 22.41544585139099 10.46717903144233 5.094966596553011 33.5
7.947312145875405 14.704502251587932 19.897899981507827 6.588079189224564 5.372635508399826 33.5
8.75041739809847 14.928973893664086 18.331219419442675 4.670405905911166 6.228634873775162 -34
9.57628215677379 15.001435587586558 18.2211592485746 7.238027688959544 5.020769850844211 34
10.374166441273218 15.22656658335745 16.70123224411947 5.133515829766553 5.840236608377179 -33.5
11.204860894700477 15.299452036568809 16.515499344955423 7.800625245522728 4.68984485213104 34
12.003296857022887 15.522618590465765 15.061997285870898 5.5691068460545825 5.47136097515577 33
12.838935629810914 15.59386578655952 14.242963539180689 4.240458023499749 19.212539762659024 -34.5
13.659147453605852 15.51363774358431 13.410917264345667 5.6310126086829 22.57986413392292 -33
14.494237404097005 15.591052833370385 13.11112259623718 8.444712708877555 28.73981780014657 -29
15.335994113450646 15.828550779413577 13.187344521524015 12.599553042687209 3.5651807706306533 35.5
16.073495853630096 16.173333697292147 11.346319035303564 8.949771636256582 23.95764596582526 -28.5
16.92659622964085 16.38437697711367 11.207380675868537 11.095452345823237 31.97004946625465 -25.5
17.757140728214917 16.73772670672057 11.327845548436528 9.601505549160473 31.236669080150072 -27.5
18.515073856851608 17.198514717296494 12.025918446784452 8.526168938413882 29.919276631559995 -29
19.183581594026748 17.762480174974158 13.638322453299399 7.8491469321590674 12.249147189535098 -30
19.746576640181587 18.420535323122934 16.93451540354977 7.5694198615273045 4.196604657918849 35
20.167911823712565 19.123021433150566 11.700455617145714 6.845791528979589 27.920012978236237 -31
20.74121000587937 19.76025371083052 14.427675327750073 6.4988532666083625 9.270478260448128 -31.5
21.194191604046786 20.482612985424172 20.444926574580155 6.56195693248136 5.195510821248318 33.5
21.507395347716727 21.255444777728144 12.735995833919942 5.693362144618391 13.415330380806918 -32.5
21.962567692193776 21.96546398006961 18.140615076456946 5.709419997903137 7.287709082427318 -32.5
22.283215962368892 22.74552411730523 24.866261738666672 6.19828519148432 4.870257759375432 34
22.455979754421307 23.55636070310019 16.491376044428787 5.149731087257871 8.778512052277591 -33.5
22.778730262637676 24.325254501807603 23.264923919442037 5.593944753063985 5.814215552971131 -33
22.95551977946151 25.145079963890293 21.865983821181054 6.678034747779387 4.226939797084158 35
22.979952973576715 25.963867537494192 21.642002129194932 5.302280776912612 6.327745362367796 -33
23.164782767793294 26.78191782244479 20.236344699937103 6.304929087164037 4.611815454542611 34.5
23.197450564067278 27.60539629202323 19.998088164544146 5.007942783193958 6.850588731803466 -33.5
23.38722638063765 28.417400419900474 18.60404332026454 5.961583760490674 4.982169934538358 34
23.424155093011567 29.245615106386026 18.326000777024873 4.729274394059994 7.321184872619224 -34
23.61481386548883 30.052431398478234 16.96738783026793 5.653158820256605 5.3193827878139395 33.5
23.651958538655936 30.885489522200672 16.62960376181834 4.472897225746672 7.712005512551881 -34.5
23.839513256896698 31.68799011561994 15.326413463789141 5.38640387563572 5.606227842346243 -33
23.87275758238093 32.52600153341864 14.653965169504517 7.225873270032313 4.335383489825005 34.5
23.755383011608835 33.34172647781394 13.676715542935298 5.443577785558212 5.550820392076552 33
23.794813784779997 34.179469598146795 13.246858293905579 4.304728416682555 7.982755231169209 -34.5
0 0 19 5.4852813742385695 5.485281374238571 34.5
2.220446049250313e-16 0.8241261886220158 18.563693381102574 4.2473150291196005 7.697354310550592 -35.5
0.1537067023914378 1.6235999698484724 17.37664019225698 5.308343169906566 5.6607088020796645 34.5
0.14970547359213238 2.4477164451969187 16.892034689402553 4.089892088199708 7.886375628825805 -35.5
0.299528825888442 3.247927067680321 15.752957027648414 5.14111868422196 5.823616718041167 -34.5
0.291526462607984 4.072014403437022 15.291332430917524 18.51444194881917 4.550133288549109 35.5
0.13006402114040228 4.869957983663033 14.130243915934102 21.108770997036533 5.627434161685114 34.5
0.12606279234109685 5.694074459011479 13.58926618954844 4.118544330918243 7.844522712441988 -35.5
0.27588614463740646 6.494285081494882 12.50644595929072 18.718526759944847 5.790500914730824 34.5
0.26788378135694857 7.318372417251583 11.923353761927185 33.152535097743794 8.017571666072524 32
0.4199029275276254 8.152683961335732 11.783584215195699 29.506823988343115 12.21740324505963 28
0.7291266616426457 8.979713062392847 11.960303045530658 27.375051522240675 10.511448120883745 29.5
1.1577615198403337 9.737203125557292 12.768405984974642 26.003715375645562 9.33145168327876 30.5
1.6994320485524645 10.407276142808314 14.561665910670339 3.325991130472975 8.616824518130922 -36.5
2.3032606368623814 10.937914332445114 10.89803056708108 24.95170622895537 8.163919507094056 32
2.8166411940380263 11.612915056080698 12.354186594485926 24.20781229358657 7.396428912593109 32.5
3.4377517346397495 12.183468144954807 28.408700978942083 6.896006623929523 7.064573137085542 33
4.147013026711415 12.63103572768029 24.842972676384953 3.676960111773913 7.193736269832435 -36
4.898208168833725 12.9313927746083 26.961878520171084 11.207048355843261 6.268039832326119 34
5.592768376481654 13.384039893962903 23.3896303063928 5.7873347787779785 6.336018446480681 34
6.359528343295155 13.699289715533217 21.134009368790306 3.721381275038535 6.941962869801769 -36
7.152001033309369 13.862064199925303 21.803943457422612 7.268027468867134 5.782872323701762 34.5
7.911139770195326 14.182832578871613 19.58428755998563 4.6848094600587995 6.31844960385612 -35
8.71232222791948 14.353468861935678 20.13391317157324 8.644386250430637 5.244400783287114 35
9.466100658565296 14.674137147171313 17.994450715434745 5.58744706819806 5.73279029618017 34.5
10.272148143740202 14.845809586473196 16.731759890730913 3.993578750478699 6.922052718865283 -35.5
11.086102419940381 14.862011854339755 16.358359791151525 6.000067785409131 5.482214089437374 34.5
11.891306915197596 15.037595724869558 15.114244500798879 4.307374110291848 23.26788695365835 -35.5
12.70517293411101 15.057749644751489 14.72021181632153 6.433857685922106 5.2240794093401135 35
13.50466072203907 15.236157460210155 13.501433626719763 4.61479309715304 20.988697174124507 -35
14.32351023514457 15.25841833507437 13.062069780248233 6.808150602632789 26.240232088183387 -32.5
15.146655542626107 15.44210538862327 13.123799276268393 11.463150036098725 4.078072894615913 36
15.89192704368026 15.75687337763099 11.40213018808302 7.457339163683541 22.627262260706225 -32
16.722660015455695 15.927367667857064 11.297205619446515 11.448488918736075 30.665507993652867 -27
17.550108180151955 16.25785542994067 11.445695507908756 9.860886626049544 31.8560374752399 -29
18.30389125217027 16.701443879356603 12.218388891100116 8.744892056816164 30.437441094018574 -30.5
18.966097247360658 17.252704280670788 13.995275717439132 8.068267931010602 9.26941179716818 -31
19.522598995018953 17.904656415605714 17.583604602432153 7.817323998117363 3.1217993014640877 37
19.929117904471497 18.59208717878555 12.001126730211807 7.083173193277355 28.446244888148723 -32
20.49844796489478 19.220616299585025 14.931887169992454 6.751615201528505 8.103781569274057 -32.5
20.9453349898011 19.935879270694763 21.51111168490168 6.860212485006919 4.44001196499175 35.5
21.24607790970961 20.692409358234897 13.142218264145725 5.954828856291119 12.410792850916474 -33.5
21.69829404253118 21.393027751841956 18.935116706218707 6.002800414077921 6.558971922605243 33.5
22.013891857196157 22.164884981919727 11.726370579102868 5.169393205585292 16.05599854895783 -34.5
22.460815342538268 22.857303477500476 17.162670376139353 5.192856257408067 8.396650740482741 -34.5
22.768970929132806 23.62164902057849 23.878889143047605 5.714554309086283 5.544805465999204 34.5
22.927274359298192 24.430428346952827 15.915180120067696 4.685953741032694 9.588376936379685 -35
23.233570023970685 25.19016056126631 22.268649182319788 5.168036331454726 6.343461864872223 -34.5
23.389904085890432 25.999322866280774 21.00068709609633 6.339581510743326 4.6294300958198935 35.5
23.390645858233896 26.813438046708193 20.63780395032193 4.952410962968022 6.693607096506163 -34.5
23.55090665497569 27.621831794705006 19.378540246657995 6.068256264692485 4.895828004194131 35.5
23.55560104276302 28.43593377845881 19.005171741483668 4.728918993154248 7.063373690538915 -35
23.71879383952287 29.23866547880989 17.762030325246847 5.811126346521853 5.154630307488899 35
23.725500162207005 30.057790070614388 17.35013943532065 4.5251549897298196 7.371127669900977 -35
23.888692958966857 30.860521770965466 16.140119677520513 5.572795909765407 5.396895468204885 35
23.89539928165099 31.679646362769965 15.69510712915763 4.321390986305396 7.6788816492630385 -35.5
24.05758869355862 32.47744249706345 14.522848818835012 5.355796028071502 5.61655246924691 34.5
24.062340805301798 33.3015549846564 14.02341944196193 4.144223937994103 7.901467356077724 -35.5
24.220654912307424 34.10012916452423 12.899877435310772 5.165791423692214 5.8053611061295065 -34.5