0 0 19 5.4852813742385695 5.485281374238571 10.54476216836585
8.326672684688674e-17 0.9831122365176356 18.056100708431753 5.011490603378112 6.054477711902397 10.54476216836585
0.0599710376194386 1.9643936152452435 17.185835339220997 4.538563526993013 6.841830027132389 10.54476216836585
0.17968974377119995 2.940189239845014 16.38389355802792 4.063092367361974 7.908091468314961 10.54476216836585
0.3587102122451318 3.9068646463068113 15.646150474513458 3.582067295259778 9.342201687945579 10.54476216836585
0.5963656605374564 4.860819339931033 14.969587355700249 3.0927119153675715 11.279118223586263 10.54476216836585
0.8917709133595624 5.798500205788823 14.35226108417119 2.5923614680757536 13.933242518686633 10.54476216836585
1.2438256995760597 6.716414742710842 13.793324193827932 2.07836671093426 13.318924768468776 10.54476216836585
1.6512187502922715 7.611144071513047 13.293102250172485 1.548012476646612 12.048054277696147 10.54476216836585
2.112432682827358 8.479355669008857 12.853241802628881 0.9984433108277959 10.906262058672535 10.54476216836585
2.625749652382149 9.31781578037838 12.476951428976237 0.4265904724938716 9.8789055761814 10.54476216836585
3.1892577503513944 10.123401463663399 12.169372689668144 23.985807925370715 8.954148972228442 10.54476216836585